176 8
0 -11 2 100 4 0.5 56 3 9 0.1 2.0 0.2 -200 2.2 102 4.2 0.7 6.7 1 3.2 0.3 2.2
0 -11 2 100 4 0.5 56 3 9 0.1 2.0 0.2 -200 2.2 102 4.2 0.7 6.7 1 3.2 0.3 2.2
0 -11 2 100 4 0.5 56 3 9 0.1 2.0 0.2 -200 2.2 102 4.2 0.7 6.7 1 3.2 0.3 2.2
0 -11 2 100 4 0.5 56 3 9 0.1 2.0 0.2 -200 2.2 102 4.2 0.7 6.7 1 3.2 0.3 2.2
0 -11 2 100 4 0.5 56 3 9 0.1 2.0 0.2 -200 2.2 102 4.2 0.7 6.7 1 3.2 0.3 2.2
0 -11 2 100 4 0.5 56 3 9 0.1 2.0 0.2 -200 2.2 102 4.2 0.7 6.7 1 3.2 0.3 2.2
0 -11 2 100 4 0.5 56 3 9 0.1 2.0 0.2 -200 2.2 102 4.2 0.7 6.7 1 3.2 0.3 2.2
0 -11 2 100 4 0.5 56 3 9 0.1 2.0 0.2 -200 2.2 102 4.2 0.7 6.7 1 3.2 0.3 2.2
0 0 0 0 0 0 0 0 0 0 0 0 0 0 0 0 0 0 0 0 0 0
1 1 1 1 1 1 1 1 1 1 1 1 1 1 1 1 1 1 1 1 1 1
2 2 2 2 2 2 2 2 2 2 2 2 2 2 2 2 2 2 2 2 2 2
3 3 3 3 3 3 3 3 3 3 3 3 3 3 3 3 3 3 3 3 3 3
4 4 4 4 4 4 4 4 4 4 4 4 4 4 4 4 4 4 4 4 4 4
5 5 5 5 5 5 5 5 5 5 5 5 5 5 5 5 5 5 5 5 5 5
6 6 6 6 6 6 6 6 6 6 6 6 6 6 6 6 6 6 6 6 6 6
7 7 7 7 7 7 7 7 7 7 7 7 7 7 7 7 7 7 7 7 7 7
0 22 44 66 88 110 132 154 176
